MERIS:
Sensor      413     443     490     510             560     620     665     681

MODIS:
Sensor      412     443     488             531     547             667     678

SeaWiFS:
Sensor      412     443     490     510             555             670

InSitu:
example     412.7   442     490.9           531.4   551.1           668.1
            412.5   442     490.5           530.4   551.1           667.7
            412     443     490     510             560     620     665     681
            412     443     490     510             560     620     665
            412     443     490     510             555             670
            412.5   442     490.5           530.4   551.1           667.7
            412     443     490/488 510     531     547/555         667     678
            412.7   442     490.9           531.4   551.1           668.1
            412     443     490     510             560     620     665     681
            412.7   442     490.9           531.4   551.1           668.1
            412     443     488             531     547             667     678
















